142.061383851,0.0390552405033,3.64771646657
318.301919621,4.00287011442,3.20191227149
196.823814494,2.05988236149,3.14769540946
216.617649111,3.9668558896,1.99112759005
184.934909221,0.921542449426,0.86720293731
228.73078154,3.72785406385,4.12585328913
145.626786956,2.81001850501,4.26444921557
121.441263497,1.26635980403,4.07992425901
122.257212868,4.43623179604,5.91966110468
220.597457978,1.97109547889,6.16322480515
221.420296375,1.84586357427,4.43705805645
177.638617737,1.14291548705,3.72971699874
209.071035014,3.54099947114,0.811501346418
289.059547151,1.85925280039,1.22612932086
233.458714746,1.0887084413,3.03419246147
322.059721055,0.782696748386,2.10620665522
265.165580454,0.837121934317,5.17993900313
321.246948854,2.43103368891,5.05068689266
124.242817059,3.22879984181,0.672948607084
86.9791583825,1.23673982565,5.01968602653
284.691823983,3.86114267182,5.96746610587
216.760606382,2.39013635461,5.23129686939
230.911988525,4.22809313721,4.67354409005
235.131211989,4.22987946724,2.00906038378
237.152777434,0.810533740417,2.75533315817
150.055269964,4.25122582919,1.03349269179
166.918117428,0.647511636446,2.1054894616
190.347777648,5.00842465481,1.96524979056
112.984047203,5.69405943907,0.632284966181
312.750920491,3.0336233269,0.736904235214
144.802976233,2.44980677682,5.59552753648
293.038097583,4.46750083807,5.36251121986
90.9491391368,6.18772173444,1.91001624504
100.208304436,5.21472923378,0.278834281263
112.917488883,2.45599483676,2.31412819774
173.18397908,5.05143611013,1.98133165869
92.9844882105,6.15012100099,3.58909074821
197.962489505,4.80923581769,6.12016793987
257.882901528,3.72795770492,0.261207244176
300.929151,5.85207601185,5.90464547916
162.450612769,1.56420512186,5.57664024072
98.0786900365,6.28109498598,4.83857957617
276.887467142,1.5573890902,1.24886833831
101.192441286,1.64561163592,3.22931436262
230.41059119,1.34613615864,1.53082996155
221.379299308,6.12691359311,3.53554891182
271.08396622,2.0525756165,5.12586682588
197.046166506,3.22289509512,0.826702053883
94.3811139481,2.23708303265,5.57606299364
190.092106345,4.18541366104,5.19566876827
126.998685509,1.22387146535,3.1115379797
268.455840716,5.19690357501,2.41582952245
225.132617652,2.90290482211,1.18149250465
239.867378558,3.07189536671,4.74554425386
238.098781685,3.7412252622,0.746229403459
140.701112421,5.93335845476,6.18157302368
121.574795376,0.0448832182036,1.6671942649
76.4319864691,5.91336447589,6.23625202686
153.817132277,4.62752804505,1.87577340247
97.001884663,0.96186163231,4.8955481852
314.665553128,0.113384585455,5.92793832571
276.724146202,5.58497650105,4.8524214649
92.2338438423,5.64736038869,3.81334791374
129.732105818,3.90130768396,5.15335177611
274.731687306,6.13215367609,0.534535056198
288.872222596,1.44212929458,1.54432012965
100.034463154,1.79245986493,2.85777389991
137.226814187,0.772170712519,5.90893590316
324.484224498,4.95055961311,4.43062275448
147.181930456,3.74246223327,4.0366892198
205.65479676,3.2947973488,1.32060044995
304.07476353,3.25882794165,1.24441334076
312.366664057,4.61352482315,3.17148472866
85.2822712538,2.73898325817,3.87216440839
90.474935659,2.56637339714,4.04308694287
307.350568367,5.96466556434,6.040152438
271.635209467,1.57919943149,1.82774239145
269.475094822,2.07123480327,0.428737129493
181.91635609,4.21169999443,3.25075554169
197.786404733,3.03657126912,4.16443580971
215.15205544,3.35819776243,6.09698401889
307.387513071,4.2086478103,4.47739482005
191.984028405,4.65349817076,5.08738317099
250.208274835,2.82373017125,2.71910656608
113.492616979,2.51968656727,2.41078577277
221.94465198,2.98402716865,2.96678682697
153.336803866,5.64341698402,1.51628452823
248.900842682,3.61918926104,5.6636070916
134.941745134,4.56640245491,0.0765744682675
215.431206985,5.00715999592,1.58975959364
258.902948482,5.23824974509,2.69757239865
260.740228125,1.99284530732,1.36227172071
303.071386499,5.71482561117,2.77339780265
280.734301915,1.84919438795,5.23243311461
180.918759821,5.39299264771,0.0185962808619
273.900573878,1.17053542825,2.3796082304
314.762937945,2.2302702565,1.12623427323
121.445470182,5.03624166227,5.74637857563
292.232254022,1.59462603063,2.34105010506
260.345167779,4.71427992764,5.53688285172
210.212889568,0.586194131237,3.22108895691
276.49333611,1.68310617169,4.82230902505
292.503158026,4.5001221957,4.05506460049
99.0446580037,1.1447663628,4.30842663419
252.34263067,5.28761975269,0.811140308936
162.855807242,0.426260281547,0.874775481944
121.042498674,4.37966065038,3.67365440372
228.841653383,5.0823822123,4.81159699386
297.153202325,1.65390799843,3.47722679182
165.631830052,3.13432228337,3.47174903966
238.62360127,1.72405454676,0.42402403236
242.660561898,3.06496158386,6.02467443216
189.115683736,0.31730585244,1.02818432899
202.342677341,1.53630743457,5.6824059887
164.620252156,3.73399014491,4.09700932599
236.286885388,1.29738992524,1.87945779897
108.428659144,3.38181497012,1.02313858304
252.324765139,2.62227190106,2.02327269353
254.824808861,1.66269399725,2.99552340851
208.387482643,1.31874976984,3.04153595573
106.576055728,0.214835811964,1.71794780225
324.345233458,4.56598917045,4.99207529864
221.619048652,5.89448265326,1.50436307432
318.728211959,1.21285176956,3.54173614606
283.923209602,5.8167094544,1.19323921299
282.624469175,1.89424356747,2.28834588634
91.7561021596,3.00185188356,3.38676846866
324.890956287,5.86103091796,5.06662694471
81.6566307991,5.6136880309,2.56058455717
140.547943759,2.54339500904,1.77494768319
125.679328193,0.723560370391,2.2628610352
257.953562764,1.5275283595,5.48284969766
258.480824892,5.18210101425,1.64582381598
287.753657205,5.19745377284,4.76508050718
288.479833051,2.68602631678,0.291185143623
153.21627044,4.19534431268,3.65748926038
165.743603503,4.94450946337,4.03034016096
320.159731243,6.05230427071,5.41361358064
85.1867959612,3.82647360103,5.40829004784
89.8772337621,1.99927282998,3.94169035911
249.34487826,6.24493035863,5.61876630981
144.332241129,3.41431478851,3.318344364
87.3304775325,0.941321945625,2.03050602091
303.973020975,3.62519525658,2.44364028215
219.261612495,5.36305892546,1.71527336279
122.299438318,4.84562418257,2.6312103991
162.115975962,2.29063400591,1.93573056831
94.32735243,2.50437378825,0.765377391855
259.33001123,1.1877923094,2.31618901743
313.491095837,3.7750636808,0.0464848884611
88.6960632004,5.46768060822,0.386540088334
166.569100468,0.255292978318,5.7573539857
189.78974434,5.24839530255,5.77444665089
291.525233271,0.820671210468,4.91408144008
195.078714615,3.91282440393,0.367708576847
120.119775754,3.61879678299,3.06269794774
310.411996329,5.65548884685,3.27735501247
125.898111652,5.54375293952,1.24453572471
75.5827571639,2.08593705321,5.71352968914
164.207359612,5.47317926376,5.18537481406
260.661727845,3.44591520266,0.515799642611
181.602993829,2.67151963289,6.21949682406
187.897069628,2.44122391344,1.31302511892
225.49770439,5.32128841027,5.97326211478
77.8959348933,4.92574910145,4.98638138832
137.692637491,1.45274841764,2.08001676399
76.3830061858,0.353061374436,3.23328316254
120.530562615,2.39079713698,3.34564217312
115.630704484,2.91270720962,0.586731047254
198.761928546,3.6617259343,1.92857902976
274.485447531,3.01501748435,0.24191639506
205.790131629,1.40867663414,1.82176182093
124.938068364,5.70581442455,0.963211350534
242.165173058,0.875476128798,5.50721591404
90.1929028984,0.991824316845,5.88604072376
144.557020882,4.42732419438,6.22718463707
110.617622189,5.13589603261,5.15420973572
316.617477743,1.27292895833,4.32392068148
167.090081608,0.458526645673,3.21561172131
122.761602004,3.56834077565,6.20021690415
277.196247213,1.72338459854,4.3464777327
143.029684896,4.35116604785,0.428718039
246.331335089,5.65128991021,4.17294428567
85.9518469791,4.87334022035,5.7347667206
95.2482628037,5.1862740095,0.372696694295
284.68069154,4.87402160516,4.32067567377
129.629989609,5.0615559351,1.11317788157
131.860741011,6.02617130037,0.293418533976
135.091167094,3.58875184493,3.55788107177
314.979538039,1.35682490704,0.0803315060045
161.809095194,5.62134520874,4.97054415823
281.14087446,1.23757751573,4.29671729854
117.141488865,3.02516064048,3.00300027152
105.421288127,1.83723596813,0.169160712621
267.79138274,3.71834034357,4.45039387293
111.048670061,4.00683370935,0.0365753155763
262.538277907,1.63905354145,0.737054876637
245.8537873,3.59180272188,4.5863441658
324.017027499,0.150678059619,4.80740238911
220.781689591,4.99553630407,4.76573906417
289.701876861,3.01992461461,5.76055582279
278.952113665,1.89221868589,5.19303557046
200.177902719,2.21979803728,2.10439281273
224.60619617,1.27610318326,1.95820270752
138.086967686,1.23641756325,2.58139281383
91.8072872015,5.87138516566,5.34591411344
303.020389401,0.22102351425,6.25299304412
283.874639704,1.46948245208,4.45377932375
294.129082093,5.48186814033,5.28160291683
142.869221139,3.13794217843,6.26916193646
305.796519968,3.35849842106,1.32794719067
284.356138611,5.97429330892,4.97006776134
215.948488826,2.38707357498,2.75677115249
137.951493819,6.06812385115,0.183734884745
252.035306732,0.598476657595,1.11210980871
167.496158817,1.75597087228,3.42839524404
127.464974934,1.43733140196,4.81603346307
123.278557636,3.85004070138,5.58574525049
324.7737792,5.85614849726,4.11669444533
272.239639413,1.67093655066,0.776989895538
157.269572549,2.62436917254,0.93414848077
96.1533315646,5.71339319756,4.20064615548
229.084996403,1.6094830167,2.80685694233
289.950826147,0.532462859756,4.56269803213
149.155311072,2.95925155583,1.03945598848
76.1532585627,4.83343497197,5.10133205523
101.269872126,2.88185690296,3.95056702918
218.850349628,0.448909034726,5.2342565402
122.695602889,1.89163520002,2.28805747262
202.045774132,1.0393053153,4.21186630746
81.3872918659,3.56179191008,6.05534523103
287.521347873,6.1736432492,2.83654138963
309.45562163,4.10088344335,1.05067052026
101.848599535,4.62911066737,5.32970706648
188.351638961,4.84069938639,5.04381381981
95.8855067666,4.23855399097,4.15729010795
86.5529478937,5.72962519615,0.846821947621
221.190215608,4.2162113848,4.19159616844
223.535191145,2.48639783151,5.0343845996
244.547761758,0.564125941347,5.84779179163
89.2958862171,0.960191656385,5.84159538163
216.165611806,3.06585278534,3.21521044493
238.23013574,1.66766798294,5.56419882483
79.5385159176,4.49907985941,5.77005534057
138.822551935,6.22432933412,3.52626098981
83.3431501626,4.51724801141,2.08081870526
263.016739696,1.9530245637,5.05034032088
314.399485515,2.82181015439,2.7495947651
118.831656324,5.73035902481,5.64120254991
259.470795808,5.78529405953,0.41046033854
